Intervalos,  Valor aproximado,  Porcetaje de fallos, Tiempo CPU 
 ============================ 
[10, 3.1424259850010983, 0.0, 100.0, 100.0, 100.0, 100.0, 0.0]
[50, 3.1416259869230028, 0.0, 0.0, 100.0, 100.0, 100.0, 0.010000000000000009]
[100, 3.1416009869231254, 0.0, 0.0, 0.0, 100.0, 100.0, 0.0]
[150, 3.1415963572934964, 0.0, 0.0, 0.0, 100.0, 100.0, 0.010000000000000009]
[500, 3.1415929869231287, 0.0, 0.0, 0.0, 0.0, 100.0, 0.02999999999999997]
[550, 3.1415929290718894, 0.0, 0.0, 0.0, 0.0, 100.0, 0.030000000000000027]
[1000, 3.1415927369231227, 0.0, 0.0, 0.0, 0.0, 0.0, 0.06]
[10000, 3.1415926544231336, 0.0, 0.0, 0.0, 0.0, 0.0, 0.59]
[100000, 3.141592653598162, 0.0, 0.0, 0.0, 0.0, 0.0, 5.880000000000001]
